xs_enc_mono_mls
129 0 0 0 1 -1 -1 0 126 1 -1 0 0 0 1 -1 123 0 1 1 -1 0 0 0 120 -1 -1 0 0 1 -1 0 
116 0 1 -1 1 0 1 1 113 0 0 0 1 -1 -1 0 110 1 -1 0 0 0 1 -1 107 0 1 1 -1 0 0 0 
104 -1 -1 0 0 1 -1 0 100 0 1 -1 1 0 1 1 97 0 0 0 1 -1 -1 0 94 1 -1 0 0 0 1 -1 
91 0 1 1 -1 0 0 0 88 -1 -1 0 0 1 -1 0 84 0 1 -1 1 0 1 1 81 0 0 0 1 -1 -1 0 
78 1 -1 0 0 0 1 -1 75 0 1 1 -1 0 0 0 72 -1 -1 0 0 1 -1 0 68 0 1 -1 1 0 1 1 
65 0 0 0 1 -1 -1 0 62 1 -1 0 0 0 1 -1 59 0 1 1 -1 0 0 0 56 -1 -1 0 0 1 -1 0 
52 0 1 -1 1 0 1 1 49 0 0 0 1 -1 -1 0 46 1 -1 0 0 0 1 -1 43 0 1 1 -1 0 0 0 
40 -1 -1 0 0 1 -1 0 36 0 1 -1 1 0 1 1 33 0 0 0 1 -1 -1 0 30 1 -1 0 0 0 1 -1 
27 0 1 1 -1 0 0 0 24 -1 -1 0 0 1 -1 0 20 0 1 -1 1 0 1 1 17 0 0 0 1 -1 -1 0 
14 1 -1 0 0 0 1 -1 11 0 1 1 -1 0 0 0 8 -1 -1 0 0 1 -1 0 4 0 1 -1 1 0 1 
1 1 0 0 0 1 -1 -1 0 -2 1 -1 0 0 0 1 -1 -5 0 1 1 -1 0 0 0 -8 -1 -1 0 0 1 -1 0 
-12 0 1 -1 1 0 1 1 -15 0 0 0 1 -1 -1 0 -18 1 -1 0 0 0 1 -1 -21 0 1 1 -1 0 0 0 
-24 -1 -1 0 0 1 -1 0 -28 0 1 -1 1 0 1 1 -31 0 0 0 1 -1 -1 0 -34 1 -1 0 0 0 1 -1 
-37 0 1 1 -1 0 0 0 -40 -1 -1 0 0 1 -1 0 -44 0 1 -1 1 0 1 1 -47 0 0 0 1 -1 -1 0 
-50 1 -1 0 0 0 1 -1 -53 0 1 1 -1 0 0 0 -56 -1 -1 0 0 1 -1 0 -60 0 1 -1 1 0 1 1 
-63 0 0 0 1 -1 -1 0 -66 1 -1 0 0 0 1 -1 -69 0 1 1 -1 0 0 0 -72 -1 -1 0 0 1 -1 0 
-76 0 1 -1 1 0 1 1 -79 0 0 0 1 -1 -1 0 -82 1 -1 0 0 0 1 -1 -85 0 1 1 -1 0 0 0 
-88 -1 -1 0 0 1 -1 0 -92 0 1 -1 1 0 1 1 -95 0 0 0 1 -1 -1 0 -98 1 -1 0 0 0 1 -1 
-101 0 1 1 -1 0 0 0 -104 -1 -1 0 0 1 -1 0 -108 0 1 -1 1 0 1 1 -111 0 0 0 1 -1 -1 0 
-114 1 -1 0 0 0 1 -1 -117 0 1 1 -1 0 0 0 -120 -1 -1 0 0 1 -1 0 -124 0 1 -1 -2 0 0 0

JXS_mls_1Dcodec
129 0 0 0 1 -1 -1 0 126 1 -1 0 0 0 1 -1 123 0 1 1 -1 0 0 0 120 -1 -1 0 0 1 -1 0 
116 0 1 -1 1 0 1 1 113 0 0 0 1 -1 -1 0 110 1 -1 0 0 0 1 -1 107 0 1 1 -1 0 0 0 
104 -1 -1 0 0 1 -1 0 100 0 1 -1 1 0 1 1 97 0 0 0 1 -1 -1 0 94 1 -1 0 0 0 1 -1 
91 0 1 1 -1 0 0 0 88 -1 -1 0 0 1 -1 0 84 0 1 -1 1 0 1 1 81 0 0 0 1 -1 -1 0 
78 1 -1 0 0 0 1 -1 75 0 1 1 -1 0 0 0 72 -1 -1 0 0 1 -1 0 68 0 1 -1 1 0 1 1 
65 0 0 0 1 -1 -1 0 62 1 -1 0 0 0 1 -1 59 0 1 1 -1 0 0 0 56 -1 -1 0 0 1 -1 0 
52 0 1 -1 1 0 1 1 49 0 0 0 1 -1 -1 0 46 1 -1 0 0 0 1 -1 43 0 1 1 -1 0 0 0 
40 -1 -1 0 0 1 -1 0 36 0 1 -1 1 0 1 1 33 0 0 0 1 -1 -1 0 30 1 -1 0 0 0 1 -1 
27 0 1 1 -1 0 0 0 24 -1 -1 0 0 1 -1 0 20 0 1 -1 1 0 1 1 17 0 0 0 1 -1 -1 0 
14 1 -1 0 0 0 1 -1 11 0 1 1 -1 0 0 0 8 -1 -1 0 0 1 -1 0 4 0 1 -1 1 0 1 
1 1 0 0 0 1 -1 -1 0 -2 1 -1 0 0 0 1 -1 -5 0 1 1 -1 0 0 0 -8 -1 -1 0 0 1 -1 0 
-12 0 1 -1 1 0 1 1 -15 0 0 0 1 -1 -1 0 -18 1 -1 0 0 0 1 -1 -21 0 1 1 -1 0 0 0 
-24 -1 -1 0 0 1 -1 0 -28 0 1 -1 1 0 1 1 -31 0 0 0 1 -1 -1 0 -34 1 -1 0 0 0 1 -1 
-37 0 1 1 -1 0 0 0 -40 -1 -1 0 0 1 -1 0 -44 0 1 -1 1 0 1 1 -47 0 0 0 1 -1 -1 0 
-50 1 -1 0 0 0 1 -1 -53 0 1 1 -1 0 0 0 -56 -1 -1 0 0 1 -1 0 -60 0 1 -1 1 0 1 1 
-63 0 0 0 1 -1 -1 0 -66 1 -1 0 0 0 1 -1 -69 0 1 1 -1 0 0 0 -72 -1 -1 0 0 1 -1 0 
-76 0 1 -1 1 0 1 1 -79 0 0 0 1 -1 -1 0 -82 1 -1 0 0 0 1 -1 -85 0 1 1 -1 0 0 0 
-88 -1 -1 0 0 1 -1 0 -92 0 1 -1 1 0 1 1 -95 0 0 0 1 -1 -1 0 -98 1 -1 0 0 0 1 -1 
-101 0 1 1 -1 0 0 0 -104 -1 -1 0 0 1 -1 0 -108 0 1 -1 1 0 1 1 -111 0 0 0 1 -1 -1 0 
-114 1 -1 0 0 0 1 -1 -117 0 1 1 -1 0 0 0 -120 -1 -1 0 0 1 -1 0 -124 0 1 -1 -2 0 0 0

integer MULTIPLICATION, DIVISION instead of shifts
129 0 0 0 1 -1 -1 0 126 1 -1 0 0 0 1 -1 123 0 1 1 -1 0 0 0 120 -1 -1 0 0 1 -1 0 
116 0 1 -1 1 0 1 1 113 0 0 0 1 -1 -1 0 110 1 -1 0 0 0 1 -1 107 0 1 1 -1 0 0 0 
104 -1 -1 0 0 1 -1 0 100 0 1 -1 1 0 1 1 97 0 0 0 1 -1 -1 0 94 1 -1 0 0 0 1 -1 
91 0 1 1 -1 0 0 0 88 -1 -1 0 0 1 -1 0 84 0 1 -1 1 0 1 1 81 0 0 0 1 -1 -1 0 
78 1 -1 0 0 0 1 -1 75 0 1 1 -1 0 0 0 72 -1 -1 0 0 1 -1 0 68 0 1 -1 1 0 1 1 
65 0 0 0 1 -1 -1 0 62 1 -1 0 0 0 1 -1 59 0 1 1 -1 0 0 0 56 -1 -1 0 0 1 -1 0 
52 0 1 -1 1 0 1 1 49 0 0 0 1 -1 -1 0 46 1 -1 0 0 0 1 -1 43 0 1 1 -1 0 0 0 
40 -1 -1 0 0 1 -1 0 36 0 1 -1 1 0 1 1 33 0 0 0 1 -1 -1 0 30 1 -1 0 0 0 1 -1 
27 0 1 1 -1 0 0 0 24 -1 -1 0 0 1 -1 0 20 0 1 -1 1 0 1 1 17 0 0 0 1 -1 -1 0 
14 1 -1 0 0 0 1 -1 11 0 1 1 -1 0 0 0 8 -1 -1 0 0 1 -1 0 4 0 1 -1 1 0 1 
1 1 0 0 0 1 -1 -1 0 -2 1 -1 0 -1 0 1 -1 -5 0 1 1 -2 0 0 0 -8 -1 -1 0 0 1 -1 0 
-12 0 1 -1 1 0 1 1 -15 0 0 0 1 -1 -1 0 -18 1 -1 0 -1 0 1 -1 -21 0 1 1 -2 0 0 0 
-24 -1 -1 0 0 1 -1 0 -28 0 1 -1 1 0 1 1 -31 0 0 0 1 -1 -1 0 -34 1 -1 0 -1 0 1 -1 
-37 0 1 1 -2 0 0 0 -40 -1 -1 0 0 1 -1 0 -44 0 1 -1 1 0 1 1 -47 0 0 0 1 -1 -1 0 
-50 1 -1 0 -1 0 1 -1 -53 0 1 1 -2 0 0 0 -56 -1 -1 0 0 1 -1 0 -60 0 1 -1 1 0 1 1 
-63 0 0 0 1 -1 -1 0 -66 1 -1 0 -1 0 1 -1 -69 0 1 1 -2 0 0 0 -72 -1 -1 0 0 1 -1 0 
-76 0 1 -1 1 0 1 1 -79 0 0 0 1 -1 -1 0 -82 1 -1 0 -1 0 1 -1 -85 0 1 1 -2 0 0 0 
-88 -1 -1 0 0 1 -1 0 -92 0 1 -1 1 0 1 1 -95 0 0 0 1 -1 -1 0 -98 1 -1 0 -1 0 1 -1 
-101 0 1 1 -2 0 0 0 -104 -1 -1 0 0 1 -1 0 -108 0 1 -1 1 0 1 1 -111 0 0 0 1 -1 -1 0 
-114 1 -1 0 -1 0 1 -1 -117 0 1 1 -2 0 0 0 -120 -1 -1 0 0 1 -1 0 -124 0 1 -1 -2 0 0 0

